20141201
20141202
20141203
20141204
20141205
20141206
20141207
20141208
20141209
20141210
20141211
20141212
20141213
20141214
20141215
20141216
20141217
20141218
20141219
20141220
20141221
20141222
20141223
20141224
20141225
20141226
20141227
20141228
20141229
20141230
20141231
20150101
20150102
20150103
20150104
20150105
20150106
20150107
20150108
20150109
20150110
20150111
20150112
20150113
20150114
20150115
20150116
20150117
20150118
20150119
20150120
20150121
20150122
20150123
20150124
20150125
20150126
20150127
20150128
20150129
20150130
20150131
20150201
20150202
20150203
20150204
20150205
20150206
20150207
20150208
20150209
20150210
20150211
20150212
20150213
20150214
20150215
20150216
20150217
20150218
20150219
20150220
20150221
20150222
20150223
20150224
20150225
20150226
20150227
20150228
20150301
20150302
20150303
20150304
20150305
20150306
20150307
20150308
20150309
20150310
20150311
20150312
20150313
20150314
20150315
20150316
20150317
20150318
20150319
20150320
20150321
20150322
20150323
20150324
20150325
20150326
20150327
20150328
20150329
20150330
20150331
20150401
